18

POINT
1.000000 0.000000 0.000000
1
-0.105000 -0.023333

POINT
1.000000 0.000000 0.000000
1
0.325000 0.066667

POINT
1.000000 0.000000 0.000000
1
0.270000 -0.063333

LINE
0.000000 0.000000 1.000000
2
0.000000 0.000000
0.000000 0.000000

LINE
0.000000 0.000000 1.000000
2
0.157500 0.356667
0.157500 0.356667

LINE
0.000000 0.000000 1.000000
2
-0.365000 0.270000
0.332500 0.136667

LINE
0.000000 0.000000 1.000000
2
0.332500 0.136667
0.332500 0.136667

LINE
0.000000 0.000000 1.000000
2
0.607500 0.290000
0.235000 -0.273333

LINE
0.000000 0.000000 1.000000
2
0.235000 -0.273333
0.235000 -0.273333

LINE
0.000000 0.000000 1.000000
2
-0.315000 -0.573333
-0.590000 0.566667

POINT
1.000000 0.000000 0.000000
1
0.192500 0.346667

POINT
1.000000 0.000000 0.000000
1
-0.005000 0.303333

POINT
1.000000 0.000000 0.000000
1
-0.190000 0.070000

POLYGON
0.000000 1.000000 0.000000
7
0.035000 -0.740000
0.267500 -0.723333
0.210000 -0.576667
0.120000 -0.596667
0.027500 -0.740000
0.035000 -0.730000
0.035000 -0.730000

POINT
1.000000 0.000000 0.000000
1
0.740000 -0.723333

POINT
1.000000 0.000000 0.000000
1
0.550000 -0.733333

POLYGON
0.000000 1.000000 0.000000
6
0.242500 -0.780000
0.472500 -0.636667
0.285000 -0.636667
0.225000 -0.800000
0.440000 -0.770000
0.440000 -0.670000

POLYGON
0.000000 1.000000 0.000000
4
-0.192500 -0.356667
-0.157500 -0.596667
-0.067500 -0.556667
-0.180000 -0.390000

